231552 xkuzni04 ----------
Datum: 2.10.1939
ZP1: 21072 23525 18071 51921 07183 53535 19301 30206 12210 22719 17212 41817 12150 61817 12063 10202 35353 51924 22141
 91802 04220 21903 07121 92307
ZP2: 02021 63514 23261 91722 02021 72304 22231 23512 19301 32130 23121 80427 35113 51902 02143 13519 14180 71918 35273
 50207 17350 41726 14160 23525
ZP3: 06352 33502 17073 53127 23182 53005 13191 21417 35351 72735 17072 12506 12271 72218 16073 51235 18230 71519 15301
 21207 07211 80919 19020 71735
ZP4: 18022 33135 17271 83513 35272 52319 13351 21321 35122 71735 19071 80224 19021 52202 12071 81235 06250 71821 15273
 51107 07172 10219 06120 72517
ZP5: 02272 13515 19133 51713 12182 11402 06181 80404 18190 61218 23350 63112 02183 51907 26180 70704 19351 53513 35350
 21207 17191 91906 17070 20223
ZP6: 17131 83505 19172 50718 26313 50717 12070 41907 13041 22635 25243 53007 06130 31818 07180 73525 23231 60321 02023
 53513 14190 20716 35023 12126
ZP7: 35021 70717 25151 93518 04073 50212 26270 23516 16310 21407 35173 01204 02123 51721 07022 73512 24030 73521 18351
 12319 14152 32713 07181 43302
ZP8: 31351 40725 29181 41505 24061 21712 17351 72109 35252 70735 17181 31704 15353 53125 17141 91227 07021 21218 40233
 00718 30070 21226 02270 11835
--------------------------

